Choisissez le numéro du problème à traiter (0 pour sortir): 11
Probleme : 11
=== Matrice des coûts : ===
   1       2       3       4       5       6       7       8       9       10   
   11      12      13      14      15      16      17      18      19      20   
   21      22      23      24      25      26      27      28      29      30   
   31      32      33      34      35      36      37      38      39      40   
   41      41      43      44      45      46      47      48      49      50   
   51      52      53      54      55      56      57      58      59      60   
   61      62      63      64      65      66      67      68      69      70   
   71      72      73      74      75      76      77      78      79      80
   81      82      83      84      85      86      87      88      89      90
   91      92      93      94      95      96      97      98      99     100
  101     102     103     104     105     106     107     108     109     110
  111     112     113     114     115     116     117     118     119     120
  121     122     123     124     125     126     127     128     129     130
  131     132     133     134     135     136     137     138     139     140
  141     142     143     144     145     146     147     148     149     150
  151     152     153     154     155     156     157     158     159     160
  161     162     163     164     165     166     167     168     169     170
  171     172     173     174     175     176     177     178     179     180
  181     182     183     184     185     186     187     188     189     190
  191     192     193     194     195     196     197     198     199     200
=== Proposition de transport : ===
inf       inf       inf       inf       inf       inf       inf       inf       inf       inf       10
inf       inf       inf       inf       inf       inf       inf       inf       inf       inf       20
inf       inf       inf       inf       inf       inf       inf       inf       inf       inf       30
inf       inf       inf       inf       inf       inf       inf       inf       inf       inf       40
inf       inf       inf       inf       inf       inf       inf       inf       inf       inf       50
inf       inf       inf       inf       inf       inf       inf       inf       inf       inf       60
inf       inf       inf       inf       inf       inf       inf       inf       inf       inf       70
inf       inf       inf       inf       inf       inf       inf       inf       inf       inf       80
inf       inf       inf       inf       inf       inf       inf       inf       inf       inf       90
inf       inf       inf       inf       inf       inf       inf       inf       inf       inf       100
inf       inf       inf       inf       inf       inf       inf       inf       inf       inf       110
inf       inf       inf       inf       inf       inf       inf       inf       inf       inf       120
inf       inf       inf       inf       inf       inf       inf       inf       inf       inf       130
inf       inf       inf       inf       inf       inf       inf       inf       inf       inf       140
inf       inf       inf       inf       inf       inf       inf       inf       inf       inf       150
inf       inf       inf       inf       inf       inf       inf       inf       inf       inf       160
inf       inf       inf       inf       inf       inf       inf       inf       inf       inf       170
inf       inf       inf       inf       inf       inf       inf       inf       inf       inf       180
inf       inf       inf       inf       inf       inf       inf       inf       inf       inf       190
inf       inf       inf       inf       inf       inf       inf       inf       inf       inf       200
120       140       160       180       200       220       240       260       280       300       2100

Choisissez l'algorithme à utiliser :
1 : Nord-Ouest
2 : Balas-Hammer
Votre choix : 1

Vous avez choisi Nord-Ouest

=== Proposition de transport avec Nord-Ouest : ===
10        0         0         0         0         0         0         0         0         0         10
20        0         0         0         0         0         0         0         0         0         20
30        0         0         0         0         0         0         0         0         0         30
40        0         0         0         0         0         0         0         0         0         40
20        30        0         0         0         0         0         0         0         0         50
0         60        0         0         0         0         0         0         0         0         60
0         50        20        0         0         0         0         0         0         0         70
0         0         80        0         0         0         0         0         0         0         80
0         0         60        30        0         0         0         0         0         0         90
0         0         0         100       0         0         0         0         0         0         100
0         0         0         50        60        0         0         0         0         0         110
0         0         0         0         120       0         0         0         0         0         120
0         0         0         0         20        110       0         0         0         0         130
0         0         0         0         0         110       30        0         0         0         140
0         0         0         0         0         0         150       0         0         0         150
0         0         0         0         0         0         60        100       0         0         160
0         0         0         0         0         0         0         160       10        0         170
0         0         0         0         0         0         0         0         180       0         180
0         0         0         0         0         0         0         0         90        100       190
0         0         0         0         0         0         0         0         0         200       200
120       140       160       180       200       220       240       260       280       300       2100

=== Itération n°1 ===

Proposition de transport actuelle :
10        0         0         0         0         0         0         0         0         0         10
20        0         0         0         0         0         0         0         0         0         20
30        0         0         0         0         0         0         0         0         0         30
40        0         0         0         0         0         0         0         0         0         40
20        30        0         0         0         0         0         0         0         0         50
0         60        0         0         0         0         0         0         0         0         60
0         50        20        0         0         0         0         0         0         0         70
0         0         80        0         0         0         0         0         0         0         80
0         0         60        30        0         0         0         0         0         0         90
0         0         0         100       0         0         0         0         0         0         100
0         0         0         50        60        0         0         0         0         0         110
0         0         0         0         120       0         0         0         0         0         120
0         0         0         0         20        110       0         0         0         0         130
0         0         0         0         0         110       30        0         0         0         140
0         0         0         0         0         0         150       0         0         0         150
0         0         0         0         0         0         60        100       0         0         160
0         0         0         0         0         0         0         160       10        0         170
0         0         0         0         0         0         0         0         180       0         180
0         0         0         0         0         0         0         0         90        100       190
0         0         0         0         0         0         0         0         0         200       200
120       140       160       180       200       220       240       260       280       300       2100

Coût total de transport : 279170

Aucun cycle détecté.
La proposition est connexe.

=== Coûts potentiels : ===
1         1         2         3         4         5         6         7         8         9
11        11        12        13        14        15        16        17        18        19
21        21        22        23        24        25        26        27        28        29
31        31        32        33        34        35        36        37        38        39
41        41        42        43        44        45        46        47        48        49
52        52        53        54        55        56        57        58        59        60
62        62        63        64        65        66        67        68        69        70
72        72        73        74        75        76        77        78        79        80
82        82        83        84        85        86        87        88        89        90
92        92        93        94        95        96        97        98        99        100
102       102       103       104       105       106       107       108       109       110
112       112       113       114       115       116       117       118       119       120
122       122       123       124       125       126       127       128       129       130
132       132       133       134       135       136       137       138       139       140
142       142       143       144       145       146       147       148       149       150
152       152       153       154       155       156       157       158       159       160
162       162       163       164       165       166       167       168       169       170
172       172       173       174       175       176       177       178       179       180
182       182       183       184       185       186       187       188       189       190
192       192       193       194       195       196       197       198       199       200

Coûts marginaux :
0         1         1         1         1         1         1         1         1         1
0         1         1         1         1         1         1         1         1         1
0         1         1         1         1         1         1         1         1         1
0         1         1         1         1         1         1         1         1         1
0         0         1         1         1         1         1         1         1         1
-1        0         0         0         0         0         0         0         0         0
-1        0         0         0         0         0         0         0         0         0
-1        0         0         0         0         0         0         0         0         0
-1        0         0         0         0         0         0         0         0         0
-1        0         0         0         0         0         0         0         0         0
-1        0         0         0         0         0         0         0         0         0
-1        0         0         0         0         0         0         0         0         0
-1        0         0         0         0         0         0         0         0         0
-1        0         0         0         0         0         0         0         0         0
-1        0         0         0         0         0         0         0         0         0
-1        0         0         0         0         0         0         0         0         0
-1        0         0         0         0         0         0         0         0         0
-1        0         0         0         0         0         0         0         0         0
-1        0         0         0         0         0         0         0         0         0
-1        0         0         0         0         0         0         0         0         0

La proposition n'est pas optimale
Arête améliorante ajoutée : (5, 0)
Cycle trouvé : ['S5', 'C0', 'S4', 'C1']

=== Itération n°2 ===

Proposition de transport actuelle :
10        0         0         0         0         0         0         0         0         0         10
20        0         0         0         0         0         0         0         0         0         20
30        0         0         0         0         0         0         0         0         0         30
40        0         0         0         0         0         0         0         0         0         40
0         50        0         0         0         0         0         0         0         0         50
20.00001  40        0         0         0         0         0         0         0         0         60
0         50        20        0         0         0         0         0         0         0         70
0         0         80        0         0         0         0         0         0         0         80
0         0         60        30        0         0         0         0         0         0         90
0         0         0         100       0         0         0         0         0         0         100
0         0         0         50        60        0         0         0         0         0         110
0         0         0         0         120       0         0         0         0         0         120
0         0         0         0         20        110       0         0         0         0         130
0         0         0         0         0         110       30        0         0         0         140
0         0         0         0         0         0         150       0         0         0         150
0         0         0         0         0         0         60        100       0         0         160
0         0         0         0         0         0         0         160       10        0         170
0         0         0         0         0         0         0         0         180       0         180
0         0         0         0         0         0         0         0         90        100       190
0         0         0         0         0         0         0         0         0         200       200
120       140       160       180       200       220       240       260       280       300       2100

Coût total de transport : 279150

Aucun cycle détecté.
La proposition est connexe.

=== Coûts potentiels : ===
1         2         3         4         5         6         7         8         9         10
11        12        13        14        15        16        17        18        19        20
21        22        23        24        25        26        27        28        29        30
31        32        33        34        35        36        37        38        39        40
40        41        42        43        44        45        46        47        48        49
51        52        53        54        55        56        57        58        59        60
61        62        63        64        65        66        67        68        69        70
71        72        73        74        75        76        77        78        79        80
81        82        83        84        85        86        87        88        89        90
91        92        93        94        95        96        97        98        99        100
101       102       103       104       105       106       107       108       109       110
111       112       113       114       115       116       117       118       119       120
121       122       123       124       125       126       127       128       129       130
131       132       133       134       135       136       137       138       139       140
141       142       143       144       145       146       147       148       149       150
151       152       153       154       155       156       157       158       159       160
161       162       163       164       165       166       167       168       169       170
171       172       173       174       175       176       177       178       179       180
181       182       183       184       185       186       187       188       189       190
191       192       193       194       195       196       197       198       199       200

Coûts marginaux :
0         0         0         0         0         0         0         0         0         0
0         0         0         0         0         0         0         0         0         0
0         0         0         0         0         0         0         0         0         0
0         0         0         0         0         0         0         0         0         0
1         0         1         1         1         1         1         1         1         1
0         0         0         0         0         0         0         0         0         0
0         0         0         0         0         0         0         0         0         0
0         0         0         0         0         0         0         0         0         0
0         0         0         0         0         0         0         0         0         0
0         0         0         0         0         0         0         0         0         0
0         0         0         0         0         0         0         0         0         0
0         0         0         0         0         0         0         0         0         0
0         0         0         0         0         0         0         0         0         0
0         0         0         0         0         0         0         0         0         0
0         0         0         0         0         0         0         0         0         0
0         0         0         0         0         0         0         0         0         0
0         0         0         0         0         0         0         0         0         0
0         0         0         0         0         0         0         0         0         0
0         0         0         0         0         0         0         0         0         0
0         0         0         0         0         0         0         0         0         0

La proposition est optimale.
10        0         0         0         0         0         0         0         0         0         10
20        0         0         0         0         0         0         0         0         0         20
30        0         0         0         0         0         0         0         0         0         30
40        0         0         0         0         0         0         0         0         0         40
0         50        0         0         0         0         0         0         0         0         50
20        40        0         0         0         0         0         0         0         0         60
0         50        20        0         0         0         0         0         0         0         70
0         0         80        0         0         0         0         0         0         0         80
0         0         60        30        0         0         0         0         0         0         90
0         0         0         100       0         0         0         0         0         0         100
0         0         0         50        60        0         0         0         0         0         110
0         0         0         0         120       0         0         0         0         0         120
0         0         0         0         20        110       0         0         0         0         130
0         0         0         0         0         110       30        0         0         0         140
0         0         0         0         0         0         150       0         0         0         150
0         0         0         0         0         0         60        100       0         0         160
0         0         0         0         0         0         0         160       10        0         170
0         0         0         0         0         0         0         0         180       0         180
0         0         0         0         0         0         0         0         90        100       190
0         0         0         0         0         0         0         0         0         200       200
120       140       160       180       200       220       240       260       280       300       2100

Coût total de transport : 279150